# relative_time, cycles_done, cur_item, corpus_count, pending_total, pending_favs, map_size, saved_crashes, saved_hangs, max_depth, execs_per_sec, total_execs, edges_found, total_crashes, servers_count
62, 327, 41, 42, 0, 0, 40.74%, 0, 1, 2, 57851.21, 2767655, 11, 0, 0
71, 350, 16, 42, 0, 0, 40.74%, 0, 1, 2, 1305.79, 2964780, 11, 0, 0
80, 378, 41, 42, 0, 0, 40.74%, 0, 1, 2, 1704.11, 3196430, 11, 0, 0
86, 385, 10, 42, 0, 0, 40.74%, 0, 1, 2, 2070.49, 3254405, 11, 0, 0
91, 419, 10, 42, 0, 0, 40.74%, 0, 1, 2, 57270.18, 3543680, 11, 0, 0
96, 452, 10, 42, 0, 0, 40.74%, 0, 1, 2, 56542.54, 3822905, 11, 0, 0
101, 487, 10, 42, 0, 0, 40.74%, 0, 1, 2, 57347.68, 4112530, 11, 0, 0
106, 521, 41, 42, 0, 0, 40.74%, 0, 1, 2, 57036.40, 4402405, 11, 0, 0
112, 529, 41, 42, 0, 0, 40.74%, 0, 1, 2, 868.16, 4477680, 11, 0, 0
117, 564, 16, 42, 0, 0, 40.74%, 0, 1, 2, 56533.71, 4767730, 11, 0, 0
122, 599, 10, 42, 0, 0, 40.74%, 0, 1, 2, 57935.59, 5061580, 11, 0, 0
127, 634, 16, 42, 0, 0, 40.74%, 0, 1, 2, 59250.23, 5362530, 11, 0, 0
134, 644, 10, 42, 0, 0, 40.74%, 0, 1, 2, 2048.86, 5444680, 11, 0, 0
139, 677, 16, 42, 0, 0, 40.74%, 0, 1, 2, 57529.94, 5734980, 11, 0, 0
144, 712, 41, 42, 0, 0, 40.74%, 0, 1, 2, 57863.50, 6025555, 11, 0, 0
149, 747, 41, 42, 0, 0, 40.74%, 0, 1, 2, 59852.98, 6324580, 11, 0, 0
154, 780, 16, 42, 0, 0, 40.74%, 0, 1, 2, 54402.90, 6595905, 11, 0, 0
164, 812, 41, 42, 0, 0, 40.74%, 0, 1, 2, 2189.96, 6866680, 11, 0, 0
170, 823, 16, 42, 0, 0, 40.74%, 0, 1, 2, 1937.16, 6960480, 11, 0, 0
179, 847, 41, 42, 0, 0, 40.74%, 0, 1, 2, 1934.21, 7160480, 11, 0, 0
187, 870, 41, 42, 0, 0, 40.74%, 0, 1, 2, 710.76, 7365080, 11, 0, 0
192, 904, 10, 42, 0, 0, 40.74%, 0, 1, 2, 57803.77, 7655630, 11, 0, 0
197, 939, 10, 42, 0, 0, 40.74%, 0, 1, 2, 57470.81, 7946205, 11, 0, 0
206, 963, 41, 42, 0, 0, 40.74%, 0, 1, 2, 119.43, 8145630, 11, 0, 0
214, 984, 16, 42, 0, 0, 40.74%, 0, 1, 2, 459.94, 8323705, 11, 0, 0
223, 1015, 41, 42, 0, 0, 40.74%, 0, 1, 2, 1926.78, 8581255, 11, 0, 0
233, 1046, 41, 42, 0, 0, 40.74%, 0, 1, 2, 688.71, 8844505, 11, 0, 0
239, 1052, 16, 42, 0, 0, 40.74%, 0, 1, 2, 1907.88, 8900355, 11, 0, 0
247, 1077, 10, 42, 0, 0, 40.74%, 0, 1, 2, 710.06, 9104030, 11, 0, 0
252, 1111, 16, 42, 0, 0, 40.74%, 0, 1, 2, 57890.50, 9395280, 11, 0, 0
260, 1129, 41, 42, 0, 0, 40.74%, 0, 1, 2, 435.38, 9539555, 11, 0, 0
265, 1131, 16, 42, 0, 0, 40.74%, 0, 1, 2, 1320.34, 9557305, 11, 0, 0
272, 1142, 41, 42, 0, 0, 40.74%, 0, 1, 2, 420.79, 9654105, 11, 0, 0
277, 1175, 10, 42, 0, 0, 40.74%, 0, 1, 2, 54626.70, 9934530, 11, 0, 0
282, 1210, 10, 42, 0, 0, 40.74%, 0, 1, 2, 58413.46, 10234105, 11, 0, 0
288, 1224, 10, 42, 0, 0, 40.74%, 0, 1, 2, 1012.38, 10348930, 11, 0, 0
293, 1258, 10, 42, 0, 0, 40.74%, 0, 1, 2, 57446.03, 10642455, 11, 0, 0
302, 1282, 41, 42, 0, 0, 40.74%, 0, 1, 2, 474.68, 10842955, 11, 0, 0
307, 1282, 10, 42, 0, 0, 40.74%, 0, 1, 2, 452.46, 10843555, 11, 0, 0
314, 1293, 16, 42, 0, 0, 40.74%, 0, 1, 2, 434.95, 10936205, 11, 0, 0
323, 1321, 41, 42, 0, 0, 40.74%, 0, 1, 2, 1747.00, 11167855, 11, 0, 0
328, 1356, 16, 42, 0, 0, 40.74%, 0, 1, 2, 56669.55, 11458980, 11, 0, 0
333, 1387, 41, 42, 0, 0, 40.74%, 0, 1, 2, 52101.98, 11726130, 11, 0, 0
338, 1418, 10, 42, 0, 0, 40.74%, 0, 1, 2, 49392.86, 11980430, 11, 0, 0
343, 1450, 16, 42, 0, 0, 40.74%, 0, 1, 2, 54568.99, 12251756, 11, 0, 0
348, 1484, 16, 42, 0, 0, 40.74%, 0, 1, 2, 56735.05, 12539980, 11, 0, 0
353, 1519, 16, 42, 0, 0, 40.74%, 0, 1, 2, 58024.54, 12832680, 11, 0, 0
358, 1553, 16, 42, 0, 0, 40.74%, 0, 1, 2, 57337.16, 13122730, 11, 0, 0
363, 1589, 41, 42, 0, 0, 40.74%, 0, 1, 2, 58530.99, 13418755, 11, 0, 0
368, 1625, 16, 42, 0, 0, 40.74%, 0, 1, 2, 58734.36, 13715205, 11, 0, 0
373, 1660, 41, 42, 0, 0, 40.74%, 0, 1, 2, 58610.81, 14010330, 11, 0, 0
378, 1661, 41, 42, 0, 0, 40.74%, 0, 1, 2, 1384.02, 14017430, 11, 0, 0
383, 1695, 16, 42, 0, 0, 40.74%, 0, 1, 2, 58287.61, 14312130, 11, 0, 0
388, 1733, 10, 42, 0, 0, 40.74%, 0, 1, 2, 62875.61, 14626505, 11, 0, 0
395, 1743, 10, 42, 0, 0, 40.74%, 0, 1, 2, 59.52, 14714530, 11, 0, 0
401, 1750, 10, 42, 0, 0, 40.74%, 0, 1, 2, 1936.45, 14771980, 11, 0, 0
407, 1757, 16, 42, 0, 0, 40.74%, 0, 1, 2, 2124.18, 14830830, 11, 0, 0
412, 1792, 41, 42, 0, 0, 40.74%, 0, 1, 2, 59132.20, 15132205, 11, 0, 0
417, 1828, 10, 42, 0, 0, 40.74%, 0, 1, 2, 59913.24, 15435080, 11, 0, 0
425, 1849, 16, 42, 0, 0, 40.74%, 0, 1, 2, 1018.81, 15608505, 11, 0, 0
430, 1884, 16, 42, 0, 0, 40.74%, 0, 1, 2, 59072.01, 15909555, 11, 0, 0
435, 1919, 16, 42, 0, 0, 40.74%, 0, 1, 2, 60045.01, 16212180, 11, 0, 0
441, 1929, 10, 42, 0, 0, 40.74%, 0, 1, 2, 59.81, 16295780, 11, 0, 0
448, 1943, 41, 42, 0, 0, 40.74%, 0, 1, 2, 2027.16, 16414580, 11, 0, 0
453, 1978, 16, 42, 0, 0, 40.74%, 0, 1, 2, 56447.51, 16703805, 11, 0, 0
458, 2014, 41, 42, 0, 0, 40.74%, 0, 1, 2, 59526.13, 17007480, 11, 0, 0
463, 2050, 10, 42, 0, 0, 40.74%, 0, 1, 2, 60005.69, 17310355, 11, 0, 0
468, 2086, 16, 42, 0, 0, 40.74%, 0, 1, 2, 59577.02, 17609230, 11, 0, 0
473, 2122, 16, 42, 0, 0, 40.74%, 0, 1, 2, 60038.76, 17912455, 11, 0, 0
478, 2158, 16, 42, 0, 0, 40.74%, 0, 1, 2, 60293.61, 18215080, 11, 0, 0
488, 2188, 10, 42, 0, 0, 40.74%, 0, 1, 2, 635.72, 18472830, 11, 0, 0
493, 2224, 41, 42, 0, 0, 40.74%, 0, 1, 2, 59631.94, 18775755, 11, 0, 0
498, 2260, 10, 42, 0, 0, 40.74%, 0, 1, 2, 60103.17, 19079630, 11, 0, 0
503, 2296, 16, 42, 0, 0, 40.74%, 0, 1, 2, 60243.19, 19381830, 11, 0, 0
508, 2332, 10, 42, 0, 0, 40.74%, 0, 1, 2, 59041.47, 19678330, 11, 0, 0
513, 2366, 10, 42, 0, 0, 40.74%, 0, 1, 2, 58107.97, 19974580, 11, 0, 0
517, 2398, 41, 42, 0, 0, 40.74%, 0, 1, 2, 59515.59, 20239733, 11, 0, 0
